6.300000 1.300000 30.000000 6.000000 0.000000 0.000000 0.000000 1.000000 0.000000 0.000000 0.000000 0.000000 0.000000 0.000000 0.000000 0.000000 0.000000
6.300000 1.300000 30.000000 6.000000 0.000000 0.000000 0.000000 1.000000 0.000000 -31.000000 0.000000 0.000000 0.000000 0.000000 0.000000 0.000000 0.000000
6.300000 1.300000 30.000000 6.000000 0.000000 0.000000 0.000000 1.000000 0.000000 -26.000000 0.000000 0.000000 0.000000 0.000000 0.000000 0.000000 0.000000
6.300000 1.300000 30.000000 6.000000 0.000000 0.000000 0.000000 1.000000 0.000000 -20.000000 0.000000 0.000000 0.000000 0.000000 0.000000 0.000000 0.000000
6.300000 1.300000 30.000000 6.000000 0.000000 0.000000 0.000000 1.000000 0.000000 -16.000000 0.000000 0.000000 0.000000 0.000000 0.000000 0.000000 0.000000
6.300000 1.300000 30.000000 6.000000 0.000000 0.000000 0.000000 1.000000 0.000000 -11.000000 0.000000 0.000000 0.000000 0.000000 0.000000 0.000000 0.000000
6.300000 1.300000 30.000000 8.697572 0.000000 0.094456 0.000000 1.000000 0.000000 -11.000000 0.000000 0.000000 0.000000 0.000000 0.000000 0.000000 0.000000
6.300000 1.300000 30.000000 4.501000 0.000000 0.052486 0.000000 1.000000 0.000000 -11.000000 0.000000 0.000000 0.000000 0.000000 0.000000 0.000000 0.000000
6.300000 1.300000 30.000000 6.300010 0.000000 -0.001500 0.000000 1.000000 0.000000 -11.000000 0.000000 0.000000 0.000000 0.000000 0.000000 0.000000 0.000000
6.300000 1.300000 28.199909 6.300010 0.000000 -1.801590 0.000000 1.000000 0.000000 -11.000000 0.000000 0.000000 0.000000 0.000000 0.000000 0.000000 0.000000
6.300000 1.300000 25.799789 6.300010 0.000000 -4.201710 0.000000 1.000000 0.000000 -11.000000 0.000000 0.000000 0.000000 0.000000 0.000000 0.000000 0.000000
6.300000 1.300000 23.999701 6.300010 0.000000 -6.001800 0.000000 1.000000 0.000000 -11.000000 0.000000 0.000000 0.000000 0.000000 0.000000 0.000000 0.000000
6.300000 1.300000 22.799641 6.300010 0.000000 -7.201859 0.000000 1.000000 0.000000 -11.000000 0.000000 0.000000 0.000000 0.000000 0.000000 0.000000 0.000000
6.300000 1.300000 22.799641 6.300010 0.000000 -7.201859 0.000000 1.000000 0.000000 -24.000000 0.000000 0.000000 0.000000 0.000000 0.000000 0.000000 0.000000
6.300000 1.300000 22.799641 6.300010 0.000000 -7.201859 0.000000 1.000000 0.000000 -8.000000 0.000000 0.000000 0.000000 0.000000 0.000000 0.000000 0.000000
6.300000 1.300000 22.799641 6.300010 0.000000 -7.201859 0.000000 1.000000 0.000000 -5.000000 0.000000 0.000000 0.000000 0.000000 0.000000 0.000000 0.000000
6.300000 1.300000 20.399521 6.300010 0.000000 -9.601979 0.000000 1.000000 0.000000 -5.000000 0.000000 0.000000 0.000000 0.000000 0.000000 0.000000 0.000000
6.300000 1.300000 18.599430 6.300010 0.000000 -11.402069 0.000000 1.000000 0.000000 -5.000000 0.000000 0.000000 0.000000 0.000000 0.000000 0.000000 0.000000
6.300000 1.300000 16.799341 6.300010 0.000000 -13.202159 0.000000 1.000000 0.000000 -5.000000 0.000000 0.000000 0.000000 0.000000 0.000000 0.000000 0.000000
6.300000 1.300000 16.199310 6.300010 0.000000 -13.802189 0.000000 1.000000 0.000000 -5.000000 0.000000 0.000000 0.000000 0.000000 0.000000 0.000000 0.000000
6.300000 1.300000 14.999250 6.300010 0.000000 -15.002249 0.000000 1.000000 0.000000 -5.000000 0.000000 0.000000 0.000000 0.000000 0.000000 0.000000 0.000000
6.300000 1.300000 13.799191 6.300010 0.000000 -16.202309 0.000000 1.000000 0.000000 -5.000000 0.000000 0.000000 0.000000 0.000000 0.000000 0.000000 0.000000
6.300000 1.300000 12.599131 6.300010 0.000000 -17.402367 0.000000 1.000000 0.000000 -5.000000 0.000000 0.000000 0.000000 0.000000 0.000000 0.000000 0.000000
6.300000 1.300000 11.999101 6.300010 0.000000 -18.002396 0.000000 1.000000 0.000000 -5.000000 0.000000 0.000000 0.000000 0.000000 0.000000 0.000000 0.000000
6.300000 1.300000 10.799041 6.300010 0.000000 -19.202454 0.000000 1.000000 0.000000 -5.000000 0.000000 0.000000 0.000000 0.000000 0.000000 0.000000 0.000000
6.300000 1.300000 8.998951 6.300010 0.000000 -21.002541 0.000000 1.000000 0.000000 -5.000000 0.000000 0.000000 0.000000 0.000000 0.000000 0.000000 0.000000
6.300000 1.300000 8.998951 7.499750 0.000000 -20.978542 0.000000 1.000000 0.000000 -5.000000 0.000000 0.000000 0.000000 0.000000 0.000000 0.000000 0.000000
6.300000 1.300000 8.998951 10.486512 0.000000 -20.709003 0.000000 1.000000 0.000000 -5.000000 0.000000 0.000000 0.000000 0.000000 0.000000 0.000000 0.000000
6.300000 1.300000 8.998951 13.431443 0.000000 -20.142633 0.000000 1.000000 0.000000 -5.000000 0.000000 0.000000 0.000000 0.000000 0.000000 0.000000 0.000000
6.300000 1.300000 8.998951 13.431443 0.000000 -20.142633 0.000000 1.000000 0.000000 -5.000000 0.000000 0.000000 0.000000 0.000000 0.000000 0.000000 0.000000
6.300000 1.300000 8.998951 13.431443 0.000000 -20.142633 0.000000 1.000000 0.000000 -5.000000 0.000000 0.000000 0.000000 0.000000 0.000000 0.000000 0.000000
6.300000 1.300000 8.998951 22.489775 0.000000 -16.259325 0.000000 1.000000 0.000000 -5.000000 0.000000 0.000000 0.000000 0.000000 0.000000 0.000000 0.000000
6.300000 1.300000 8.998951 25.627502 0.000000 -13.947448 0.000000 1.000000 0.000000 -5.000000 0.000000 0.000000 0.000000 0.000000 0.000000 0.000000 0.000000
6.300000 1.300000 8.998951 28.029705 0.000000 -11.687023 0.000000 1.000000 0.000000 -5.000000 0.000000 0.000000 0.000000 0.000000 0.000000 0.000000 0.000000
6.300000 1.300000 8.998951 31.545385 0.000000 -7.210916 0.000000 1.000000 0.000000 -5.000000 0.000000 0.000000 0.000000 0.000000 0.000000 0.000000 0.000000
8.824539 1.300000 7.377963 34.069935 0.000000 -8.831902 0.000000 1.000000 0.000000 -5.000000 0.000000 0.000000 0.000000 0.000000 0.000000 0.000000 0.000000
8.824539 1.300000 7.377963 33.401520 0.000000 -9.828480 0.000000 1.000000 0.000000 -5.000000 0.000000 0.000000 0.000000 0.000000 0.000000 0.000000 0.000000
8.824539 1.300000 7.377963 32.325527 0.000000 -11.271251 0.000000 1.000000 0.000000 -5.000000 0.000000 0.000000 0.000000 0.000000 0.000000 0.000000 0.000000
8.824539 1.300000 7.377963 30.760015 0.000000 -13.089679 0.000000 1.000000 0.000000 -5.000000 0.000000 0.000000 0.000000 0.000000 0.000000 0.000000 0.000000
8.824539 1.300000 7.377963 28.380535 0.000000 -15.374016 0.000000 1.000000 0.000000 -5.000000 0.000000 0.000000 0.000000 0.000000 0.000000 0.000000 0.000000
8.824539 1.300000 7.377963 24.760933 0.000000 -18.040941 0.000000 1.000000 0.000000 -5.000000 0.000000 0.000000 0.000000 0.000000 0.000000 0.000000 0.000000
8.824539 1.300000 7.377963 21.057978 0.000000 -20.016048 0.000000 1.000000 0.000000 -5.000000 0.000000 0.000000 0.000000 0.000000 0.000000 0.000000 0.000000
8.824539 1.300000 7.377963 17.690603 0.000000 -21.283535 0.000000 1.000000 0.000000 -5.000000 0.000000 0.000000 0.000000 0.000000 0.000000 0.000000 0.000000
8.824539 1.300000 7.377963 15.955992 0.000000 -21.763597 0.000000 1.000000 0.000000 -5.000000 0.000000 0.000000 0.000000 0.000000 0.000000 0.000000 0.000000
9.109797 1.300000 6.212300 16.241251 0.000000 -22.929258 0.000000 1.000000 0.000000 -5.000000 0.000000 0.000000 0.000000 0.000000 0.000000 0.000000 0.000000
9.395054 1.300000 5.046638 16.526510 0.000000 -24.094919 0.000000 1.000000 0.000000 -5.000000 0.000000 0.000000 0.000000 0.000000 0.000000 0.000000 0.000000
9.680311 1.300000 3.880975 16.811769 0.000000 -25.260580 0.000000 1.000000 0.000000 -5.000000 0.000000 0.000000 0.000000 0.000000 0.000000 0.000000 0.000000
9.680311 1.300000 3.880975 11.179793 0.000000 -26.082994 0.000000 1.000000 0.000000 -5.000000 0.000000 0.000000 0.000000 0.000000 0.000000 0.000000 0.000000
9.680311 1.300000 3.880975 6.088804 0.000000 -25.904743 0.000000 1.000000 0.000000 -5.000000 0.000000 0.000000 0.000000 0.000000 0.000000 0.000000 0.000000
9.680311 1.300000 3.880975 2.548918 0.000000 -25.260599 0.000000 1.000000 0.000000 -5.000000 0.000000 0.000000 0.000000 0.000000 0.000000 0.000000 0.000000
9.680311 1.300000 3.880975 -2.002778 0.000000 -23.752226 0.000000 1.000000 0.000000 -5.000000 0.000000 0.000000 0.000000 0.000000 0.000000 0.000000 0.000000
9.680311 1.300000 3.880975 -6.509416 0.000000 -21.377323 0.000000 1.000000 0.000000 -5.000000 0.000000 0.000000 0.000000 0.000000 0.000000 0.000000 0.000000
9.680311 1.300000 3.880975 -10.988326 0.000000 -17.865213 0.000000 1.000000 0.000000 -5.000000 0.000000 0.000000 0.000000 0.000000 0.000000 0.000000 0.000000
9.680311 1.300000 3.880975 -13.056067 0.000000 -15.693153 0.000000 1.000000 0.000000 -5.000000 0.000000 0.000000 0.000000 0.000000 0.000000 0.000000 0.000000
9.680311 1.300000 3.880975 -18.494051 0.000000 -6.428950 0.000000 1.000000 0.000000 -5.000000 0.000000 0.000000 0.000000 0.000000 0.000000 0.000000 0.000000
7.989850 1.300000 3.262380 -20.184515 0.000000 -7.047546 0.000000 1.000000 0.000000 -5.000000 0.000000 0.000000 0.000000 0.000000 0.000000 0.000000 0.000000
6.862876 1.300000 2.849983 -21.311491 0.000000 -7.459944 0.000000 1.000000 0.000000 -5.000000 0.000000 0.000000 0.000000 0.000000 0.000000 0.000000 0.000000
5.172414 1.300000 2.231388 -23.001955 0.000000 -8.078540 0.000000 1.000000 0.000000 -5.000000 0.000000 0.000000 0.000000 0.000000 0.000000 0.000000 0.000000
4.966215 1.300000 2.794875 -23.208153 0.000000 -7.515052 0.000000 1.000000 0.000000 -5.000000 0.000000 0.000000 0.000000 0.000000 0.000000 0.000000 0.000000
3.633042 1.300000 2.945966 -26.071560 0.000000 -1.264242 0.000000 1.000000 0.000000 -5.000000 0.000000 0.000000 0.000000 0.000000 0.000000 0.000000 0.000000
3.633042 1.300000 2.945966 -26.332129 0.000000 4.421501 0.000000 1.000000 0.000000 -5.000000 0.000000 0.000000 0.000000 0.000000 0.000000 0.000000 0.000000
3.633042 1.300000 2.945966 -26.078228 0.000000 7.108755 0.000000 1.000000 0.000000 -5.000000 0.000000 0.000000 0.000000 0.000000 0.000000 0.000000 0.000000
3.633042 1.300000 2.945966 -25.122517 0.000000 11.502006 0.000000 1.000000 0.000000 -5.000000 0.000000 0.000000 0.000000 0.000000 0.000000 0.000000 0.000000
3.057931 1.300000 3.117087 -25.697628 0.000000 11.673126 0.000000 1.000000 0.000000 -5.000000 0.000000 0.000000 0.000000 0.000000 0.000000 0.000000 0.000000
2.482820 1.300000 3.288208 -26.272739 0.000000 11.844247 0.000000 1.000000 0.000000 -5.000000 0.000000 0.000000 0.000000 0.000000 0.000000 0.000000 0.000000
2.482820 1.300000 3.288208 -18.862471 0.000000 24.370565 0.000000 1.000000 0.000000 -5.000000 0.000000 0.000000 0.000000 0.000000 0.000000 0.000000 0.000000
2.482820 1.300000 3.288208 -14.248571 0.000000 28.190969 0.000000 1.000000 0.000000 -5.000000 0.000000 0.000000 0.000000 0.000000 0.000000 0.000000 0.000000
2.482820 1.300000 3.288208 -11.942635 0.000000 29.593971 0.000000 1.000000 0.000000 -5.000000 0.000000 0.000000 0.000000 0.000000 0.000000 0.000000 0.000000
2.194310 1.300000 3.814323 -12.231144 0.000000 30.120087 0.000000 1.000000 0.000000 -5.000000 0.000000 0.000000 0.000000 0.000000 0.000000 0.000000 0.000000
1.905801 1.300000 4.340438 -12.519653 0.000000 30.646202 0.000000 1.000000 0.000000 -5.000000 0.000000 0.000000 0.000000 0.000000 0.000000 0.000000 0.000000
1.905801 1.300000 4.340438 -2.921234 0.000000 33.950993 0.000000 1.000000 0.000000 -5.000000 0.000000 0.000000 0.000000 0.000000 0.000000 0.000000 0.000000
1.809261 1.300000 4.932649 -3.017774 0.000000 34.543205 0.000000 1.000000 0.000000 -5.000000 0.000000 0.000000 0.000000 0.000000 0.000000 0.000000 0.000000
1.868211 1.300000 5.529775 4.815708 0.000000 35.386044 0.000000 1.000000 0.000000 -5.000000 0.000000 0.000000 0.000000 0.000000 0.000000 0.000000 0.000000
1.927161 1.300000 6.126900 4.874658 0.000000 35.983170 0.000000 1.000000 0.000000 -5.000000 0.000000 0.000000 0.000000 0.000000 0.000000 0.000000 0.000000
2.126359 1.300000 6.692899 12.086292 0.000000 34.992813 0.000000 1.000000 0.000000 -5.000000 0.000000 0.000000 0.000000 0.000000 0.000000 0.000000 0.000000
2.325558 1.300000 7.258897 12.285491 0.000000 35.558811 0.000000 1.000000 0.000000 -5.000000 0.000000 0.000000 0.000000 0.000000 0.000000 0.000000 0.000000
2.325558 1.300000 7.258897 2.577683 0.000000 37.259293 0.000000 1.000000 0.000000 -5.000000 0.000000 0.000000 0.000000 0.000000 0.000000 0.000000 0.000000
2.330601 1.300000 7.858905 -10.219633 0.000000 35.109161 0.000000 1.000000 0.000000 -5.000000 0.000000 0.000000 0.000000 0.000000 0.000000 0.000000 0.000000
2.330601 1.300000 7.858905 -25.961376 0.000000 17.841339 0.000000 1.000000 0.000000 -5.000000 0.000000 0.000000 0.000000 0.000000 0.000000 0.000000 0.000000
2.330601 1.300000 7.858905 -26.509052 0.000000 16.126875 0.000000 1.000000 0.000000 -5.000000 0.000000 0.000000 0.000000 0.000000 0.000000 0.000000 0.000000
2.330601 1.300000 7.858905 -26.509052 0.000000 16.126875 0.000000 1.000000 0.000000 -5.000000 0.000000 0.000000 0.000000 0.000000 0.000000 0.000000 0.000000
2.330601 1.300000 7.858905 -25.053570 0.000000 -4.396421 0.000000 1.000000 0.000000 -5.000000 0.000000 0.000000 0.000000 0.000000 0.000000 0.000000 0.000000
2.330601 1.300000 7.858905 -13.859033 0.000000 -17.399403 0.000000 1.000000 0.000000 -5.000000 0.000000 0.000000 0.000000 0.000000 0.000000 0.000000 0.000000
2.330601 1.300000 7.858905 -5.671608 0.000000 -21.055645 0.000000 1.000000 0.000000 -5.000000 0.000000 0.000000 0.000000 0.000000 0.000000 0.000000 0.000000
2.170556 1.300000 7.280614 -5.831652 0.000000 -21.633936 0.000000 1.000000 0.000000 -5.000000 0.000000 0.000000 0.000000 0.000000 0.000000 0.000000 0.000000
2.010512 1.300000 6.702323 -5.991696 0.000000 -22.212227 0.000000 1.000000 0.000000 -5.000000 0.000000 0.000000 0.000000 0.000000 0.000000 0.000000 0.000000
1.850468 1.300000 6.124032 -6.151741 0.000000 -22.790518 0.000000 1.000000 0.000000 -5.000000 0.000000 0.000000 0.000000 0.000000 0.000000 0.000000 0.000000
1.690424 1.300000 5.545741 -6.311785 0.000000 -23.368809 0.000000 1.000000 0.000000 -5.000000 0.000000 0.000000 0.000000 0.000000 0.000000 0.000000 0.000000
1.690424 1.300000 5.545741 -0.707008 0.000000 -24.359764 0.000000 1.000000 0.000000 -5.000000 0.000000 0.000000 0.000000 0.000000 0.000000 0.000000 0.000000
1.690424 1.300000 5.545741 0.490811 0.000000 -24.431717 0.000000 1.000000 0.000000 -5.000000 0.000000 0.000000 0.000000 0.000000 0.000000 0.000000 0.000000
1.570462 1.300000 2.547995 0.370850 0.000000 -27.429459 0.000000 1.000000 0.000000 -5.000000 0.000000 0.000000 0.000000 0.000000 0.000000 0.000000 0.000000
1.498485 1.300000 0.749348 0.298873 0.000000 -29.228104 0.000000 1.000000 0.000000 -5.000000 0.000000 0.000000 0.000000 0.000000 0.000000 0.000000 0.000000
2.697583 1.300000 0.701364 1.497971 0.000000 -29.276089 0.000000 1.000000 0.000000 -5.000000 0.000000 0.000000 0.000000 0.000000 0.000000 0.000000 0.000000
2.601614 1.300000 -1.696832 1.402002 0.000000 -31.674282 0.000000 1.000000 0.000000 -5.000000 0.000000 0.000000 0.000000 0.000000 0.000000 0.000000 0.000000
2.553630 1.300000 -2.895931 -3.112286 0.000000 -32.357483 0.000000 1.000000 0.000000 -5.000000 0.000000 0.000000 0.000000 0.000000 0.000000 0.000000 0.000000
2.440311 1.300000 -3.485162 -3.225604 0.000000 -32.946712 0.000000 1.000000 0.000000 -5.000000 0.000000 0.000000 0.000000 0.000000 0.000000 0.000000 0.000000
2.326993 1.300000 -4.074392 -3.338922 0.000000 -33.535942 0.000000 1.000000 0.000000 -5.000000 0.000000 0.000000 0.000000 0.000000 0.000000 0.000000 0.000000
2.155416 1.300000 -4.649366 -6.423439 0.000000 -33.398079 0.000000 1.000000 0.000000 -5.000000 0.000000 0.000000 0.000000 0.000000 0.000000 0.000000 0.000000
1.983839 1.300000 -5.224340 -6.595016 0.000000 -33.973053 0.000000 1.000000 0.000000 -5.000000 0.000000 0.000000 0.000000 0.000000 0.000000 0.000000 0.000000
1.640685 1.300000 -6.374289 -6.938170 0.000000 -35.123001 0.000000 1.000000 0.000000 -5.000000 0.000000 0.000000 0.000000 0.000000 0.000000 0.000000 0.000000
1.616693 1.300000 -6.973837 0.417081 0.000000 -36.951275 0.000000 1.000000 0.000000 -5.000000 0.000000 0.000000 0.000000 0.000000 0.000000 0.000000 0.000000
1.592700 1.300000 -7.573386 0.393089 0.000000 -37.550823 0.000000 1.000000 0.000000 -5.000000 0.000000 0.000000 0.000000 0.000000 0.000000 0.000000 0.000000
1.592700 1.300000 -7.573386 12.441788 0.000000 -35.544449 0.000000 1.000000 0.000000 -5.000000 0.000000 0.000000 0.000000 0.000000 0.000000 0.000000 0.000000
1.592700 1.300000 -7.573386 20.457462 0.000000 -30.901533 0.000000 1.000000 0.000000 -5.000000 0.000000 0.000000 0.000000 0.000000 0.000000 0.000000 0.000000
1.592700 1.300000 -7.573386 27.312891 0.000000 -23.018524 0.000000 1.000000 0.000000 -5.000000 0.000000 0.000000 0.000000 0.000000 0.000000 0.000000 0.000000
1.592700 1.300000 -7.573386 30.865719 0.000000 -14.143747 0.000000 1.000000 0.000000 -5.000000 0.000000 0.000000 0.000000 0.000000 0.000000 0.000000 0.000000
1.592700 1.300000 -7.573386 28.872732 0.000000 4.911675 0.000000 1.000000 0.000000 -5.000000 0.000000 0.000000 0.000000 0.000000 0.000000 0.000000 0.000000
1.592700 1.300000 -7.573386 8.478683 0.000000 21.626938 0.000000 1.000000 0.000000 -5.000000 0.000000 0.000000 0.000000 0.000000 0.000000 0.000000 0.000000
1.592700 1.300000 -7.573386 16.800425 0.000000 18.287794 0.000000 1.000000 0.000000 -5.000000 0.000000 0.000000 0.000000 0.000000 0.000000 0.000000 0.000000
1.592700 1.300000 -7.573386 26.196756 0.000000 9.593886 0.000000 1.000000 0.000000 -5.000000 0.000000 0.000000 0.000000 0.000000 0.000000 0.000000 0.000000
1.592700 1.300000 -7.573386 30.875990 0.000000 -1.049392 0.000000 1.000000 0.000000 -5.000000 0.000000 0.000000 0.000000 0.000000 0.000000 0.000000 0.000000
1.592700 1.300000 -7.573386 31.104935 0.000000 -12.967837 0.000000 1.000000 0.000000 -5.000000 0.000000 0.000000 0.000000 0.000000 0.000000 0.000000 0.000000
2.773190 1.300000 -7.789165 32.285423 0.000000 -13.183616 0.000000 1.000000 0.000000 -5.000000 0.000000 0.000000 0.000000 0.000000 0.000000 0.000000 0.000000
3.363434 1.300000 -7.897054 32.875668 0.000000 -13.291505 0.000000 1.000000 0.000000 -5.000000 0.000000 0.000000 0.000000 0.000000 0.000000 0.000000 0.000000
3.363434 1.300000 -7.897054 28.634298 0.000000 8.272576 0.000000 1.000000 0.000000 -5.000000 0.000000 0.000000 0.000000 0.000000 0.000000 0.000000 0.000000
3.363434 1.300000 -7.897054 15.365888 0.000000 19.598677 0.000000 1.000000 0.000000 -5.000000 0.000000 0.000000 0.000000 0.000000 0.000000 0.000000 0.000000
3.363434 1.300000 -7.897054 9.664080 0.000000 21.435114 0.000000 1.000000 0.000000 -5.000000 0.000000 0.000000 0.000000 0.000000 0.000000 0.000000 0.000000
3.615460 1.300000 -6.723767 9.916105 0.000000 22.608400 0.000000 1.000000 0.000000 -5.000000 0.000000 0.000000 0.000000 0.000000 0.000000 0.000000 0.000000
3.615460 1.300000 -6.723767 21.809713 0.000000 17.130863 0.000000 1.000000 0.000000 -5.000000 0.000000 0.000000 0.000000 0.000000 0.000000 0.000000 0.000000
3.138367 1.300000 -6.359882 33.133179 0.000000 -6.983650 0.000000 1.000000 0.000000 -5.000000 0.000000 0.000000 0.000000 0.000000 0.000000 0.000000 0.000000
3.138367 1.300000 -6.359882 -26.855412 0.000000 -5.688303 0.000000 1.000000 0.000000 -5.000000 0.000000 0.000000 0.000000 0.000000 0.000000 0.000000 0.000000
3.138367 1.300000 -6.359882 -24.964876 0.000000 -16.861513 0.000000 1.000000 0.000000 -5.000000 0.000000 0.000000 0.000000 0.000000 0.000000 0.000000 0.000000
3.138367 1.300000 -6.359882 -8.907918 0.000000 -33.836452 0.000000 1.000000 0.000000 -5.000000 0.000000 0.000000 0.000000 0.000000 0.000000 0.000000 0.000000
3.138367 1.300000 -6.359882 2.143030 0.000000 -36.344616 0.000000 1.000000 0.000000 -5.000000 0.000000 0.000000 0.000000 0.000000 0.000000 0.000000 0.000000
3.138367 1.300000 -6.359882 9.005085 0.000000 -35.781925 0.000000 1.000000 0.000000 -5.000000 0.000000 0.000000 0.000000 0.000000 0.000000 0.000000 0.000000
3.138367 1.300000 -6.359882 11.625749 0.000000 -35.135555 0.000000 1.000000 0.000000 -5.000000 0.000000 0.000000 0.000000 0.000000 0.000000 0.000000 0.000000
3.308115 1.300000 -6.935396 11.795496 0.000000 -35.711067 0.000000 1.000000 0.000000 -5.000000 0.000000 0.000000 0.000000 0.000000 0.000000 0.000000 0.000000
3.477863 1.300000 -7.510909 11.965243 0.000000 -36.286579 0.000000 1.000000 0.000000 -5.000000 0.000000 0.000000 0.000000 0.000000 0.000000 0.000000 0.000000
3.477863 1.300000 -7.510909 -13.043283 0.000000 -32.553303 0.000000 1.000000 0.000000 -5.000000 0.000000 0.000000 0.000000 0.000000 0.000000 0.000000 0.000000
3.477863 1.300000 -7.510909 -20.628649 0.000000 -25.369976 0.000000 1.000000 0.000000 -5.000000 0.000000 0.000000 0.000000 0.000000 0.000000 0.000000 0.000000
3.477863 1.300000 -7.510909 -24.297661 0.000000 -18.850727 0.000000 1.000000 0.000000 -5.000000 0.000000 0.000000 0.000000 0.000000 0.000000 0.000000 0.000000
2.366842 1.300000 -7.964501 -25.520691 0.000000 -19.026003 0.000000 1.000000 0.000000 -5.000000 0.000000 0.000000 0.000000 0.000000 0.000000 0.000000 0.000000
2.366842 1.300000 -7.964501 -18.267056 0.000000 13.814342 0.000000 1.000000 0.000000 -5.000000 0.000000 0.000000 0.000000 0.000000 0.000000 0.000000 0.000000
1.541486 1.300000 -7.093348 -17.518600 0.000000 16.075348 0.000000 1.000000 0.000000 -5.000000 0.000000 0.000000 0.000000 0.000000 0.000000 0.000000 0.000000
1.541486 1.300000 -7.093348 -11.194030 0.000000 20.070629 0.000000 1.000000 0.000000 -5.000000 0.000000 0.000000 0.000000 0.000000 0.000000 0.000000 0.000000
1.541486 1.300000 -7.093348 6.368346 0.000000 22.517061 0.000000 1.000000 0.000000 -5.000000 0.000000 0.000000 0.000000 0.000000 0.000000 0.000000 0.000000
1.831097 1.300000 -5.316723 6.657957 0.000000 24.293688 0.000000 1.000000 0.000000 -5.000000 0.000000 0.000000 0.000000 0.000000 0.000000 0.000000 0.000000
1.927635 1.300000 -4.724515 6.754494 0.000000 24.885897 0.000000 1.000000 0.000000 -5.000000 0.000000 0.000000 0.000000 0.000000 0.000000 0.000000 0.000000
1.927635 1.300000 -4.724515 23.272676 0.000000 16.357790 0.000000 1.000000 0.000000 -5.000000 0.000000 0.000000 0.000000 0.000000 0.000000 0.000000 0.000000
1.927635 1.300000 -4.724515 27.824944 0.000000 10.421552 0.000000 1.000000 0.000000 -5.000000 0.000000 0.000000 0.000000 0.000000 0.000000 0.000000 0.000000
3.999419 1.300000 -3.512830 29.896729 0.000000 11.633237 0.000000 1.000000 0.000000 -5.000000 0.000000 0.000000 0.000000 0.000000 0.000000 0.000000 0.000000
3.999419 1.300000 -3.512830 33.994122 0.000000 -4.136616 0.000000 1.000000 0.000000 -5.000000 0.000000 0.000000 0.000000 0.000000 0.000000 0.000000 0.000000
3.999419 1.300000 -3.512830 30.459208 0.000000 -17.653158 0.000000 1.000000 0.000000 -5.000000 0.000000 0.000000 0.000000 0.000000 0.000000 0.000000 0.000000
4.528615 1.300000 -3.795636 30.988403 0.000000 -17.935965 0.000000 1.000000 0.000000 -5.000000 0.000000 0.000000 0.000000 0.000000 0.000000 0.000000 0.000000
5.057811 1.300000 -4.078443 31.517599 0.000000 -18.218771 0.000000 1.000000 0.000000 -5.000000 0.000000 0.000000 0.000000 0.000000 0.000000 0.000000 0.000000
5.057811 1.300000 -4.078443 21.997808 0.000000 -28.839399 0.000000 1.000000 0.000000 -5.000000 0.000000 0.000000 0.000000 0.000000 0.000000 0.000000 0.000000
5.057811 1.300000 -4.078443 17.836569 0.000000 -31.221981 0.000000 1.000000 0.000000 -5.000000 0.000000 0.000000 0.000000 0.000000 0.000000 0.000000 0.000000
5.057811 1.300000 -4.078443 14.779562 0.000000 -32.460754 0.000000 1.000000 0.000000 -5.000000 0.000000 0.000000 0.000000 0.000000 0.000000 0.000000 0.000000
5.057811 1.300000 -4.078443 11.018212 0.000000 -33.481525 0.000000 1.000000 0.000000 -5.000000 0.000000 0.000000 0.000000 0.000000 0.000000 0.000000 0.000000
5.177019 1.300000 -4.666505 11.137421 0.000000 -34.069588 0.000000 1.000000 0.000000 -5.000000 0.000000 0.000000 0.000000 0.000000 0.000000 0.000000 0.000000
5.534642 1.300000 -6.430690 11.495046 0.000000 -35.833775 0.000000 1.000000 0.000000 -5.000000 0.000000 0.000000 0.000000 0.000000 0.000000 0.000000 0.000000
5.653850 1.300000 -7.018752 11.614254 0.000000 -36.421837 0.000000 1.000000 0.000000 -5.000000 0.000000 0.000000 0.000000 0.000000 0.000000 0.000000 0.000000
5.653850 1.300000 -7.018752 16.222569 0.000000 -35.096661 0.000000 1.000000 0.000000 -5.000000 0.000000 0.000000 0.000000 0.000000 0.000000 0.000000 0.000000
5.653850 1.300000 -7.018752 22.593826 0.000000 -31.779659 0.000000 1.000000 0.000000 -5.000000 0.000000 0.000000 0.000000 0.000000 0.000000 0.000000 0.000000
5.653850 1.300000 -7.018752 28.966904 0.000000 -25.901716 0.000000 1.000000 0.000000 -5.000000 0.000000 0.000000 0.000000 0.000000 0.000000 0.000000 0.000000
5.653850 1.300000 -7.018752 32.787224 0.000000 -19.818928 0.000000 1.000000 0.000000 -5.000000 0.000000 0.000000 0.000000 0.000000 0.000000 0.000000 0.000000
7.281852 1.300000 -7.786762 34.415226 0.000000 -20.586941 0.000000 1.000000 0.000000 -5.000000 0.000000 0.000000 0.000000 0.000000 0.000000 0.000000 0.000000
8.367188 1.300000 -8.298769 35.500561 0.000000 -21.098949 0.000000 1.000000 0.000000 -5.000000 0.000000 0.000000 0.000000 0.000000 0.000000 0.000000 0.000000
8.623191 1.300000 -7.756102 35.756565 0.000000 -20.556282 0.000000 1.000000 0.000000 -5.000000 0.000000 0.000000 0.000000 0.000000 0.000000 0.000000 0.000000
8.623191 1.300000 -7.756102 28.630054 0.000000 -30.112074 0.000000 1.000000 0.000000 -5.000000 0.000000 0.000000 0.000000 0.000000 0.000000 0.000000 0.000000
9.070311 1.300000 -7.355964 28.167170 0.000000 -30.494114 0.000000 1.000000 0.000000 -5.000000 0.000000 0.000000 0.000000 0.000000 0.000000 0.000000 0.000000
9.070311 1.300000 -7.355964 28.167170 0.000000 -30.494114 0.000000 1.000000 0.000000 -5.000000 0.000000 0.000000 0.000000 0.000000 0.000000 0.000000 0.000000
9.070311 1.300000 -7.355964 38.526962 0.000000 -13.045280 0.000000 1.000000 0.000000 -5.000000 0.000000 0.000000 0.000000 0.000000 0.000000 0.000000 0.000000
11.426844 1.300000 -7.811109 40.883499 0.000000 -13.500426 0.000000 1.000000 0.000000 -5.000000 0.000000 0.000000 0.000000 0.000000 0.000000 0.000000 0.000000
11.426844 1.300000 -7.811109 19.429209 0.000000 -36.725166 0.000000 1.000000 0.000000 -5.000000 0.000000 0.000000 0.000000 0.000000 0.000000 0.000000 0.000000
11.426844 1.300000 -7.811109 13.225986 0.000000 -37.758110 0.000000 1.000000 0.000000 -5.000000 0.000000 0.000000 0.000000 0.000000 0.000000 0.000000 0.000000
11.426844 1.300000 -7.811109 7.240576 0.000000 -37.518581 0.000000 1.000000 0.000000 -5.000000 0.000000 0.000000 0.000000 0.000000 0.000000 0.000000 0.000000
11.426844 1.300000 -7.811109 -1.622398 0.000000 -34.825459 0.000000 1.000000 0.000000 -5.000000 0.000000 0.000000 0.000000 0.000000 0.000000 0.000000 0.000000
11.426844 1.300000 -7.811109 -6.004640 0.000000 -32.228336 0.000000 1.000000 0.000000 -5.000000 0.000000 0.000000 0.000000 0.000000 0.000000 0.000000 0.000000
12.403532 1.300000 -8.508368 -5.027950 0.000000 -32.925594 0.000000 1.000000 0.000000 -5.000000 0.000000 0.000000 0.000000 0.000000 0.000000 0.000000 0.000000
12.403532 1.300000 -8.508368 -0.645710 0.000000 -35.522701 0.000000 1.000000 0.000000 -5.000000 0.000000 0.000000 0.000000 0.000000 0.000000 0.000000 0.000000
12.403532 1.300000 -8.508368 10.006159 0.000000 -38.413338 0.000000 1.000000 0.000000 -5.000000 0.000000 0.000000 0.000000 0.000000 0.000000 0.000000 0.000000
12.307636 1.300000 -9.704568 9.910263 0.000000 -39.609535 0.000000 1.000000 0.000000 -5.000000 0.000000 0.000000 0.000000 0.000000 0.000000 0.000000 0.000000
12.211740 1.300000 -10.900767 9.814367 0.000000 -40.805733 0.000000 1.000000 0.000000 -5.000000 0.000000 0.000000 0.000000 0.000000 0.000000 0.000000 0.000000
12.115845 1.300000 -12.096967 9.718472 0.000000 -42.001930 0.000000 1.000000 0.000000 -5.000000 0.000000 0.000000 0.000000 0.000000 0.000000 0.000000 0.000000
12.115845 1.300000 -12.096967 0.709971 0.000000 -39.845161 0.000000 1.000000 0.000000 -5.000000 0.000000 0.000000 0.000000 0.000000 0.000000 0.000000 0.000000
12.115845 1.300000 -12.096967 -6.748427 0.000000 -35.424995 0.000000 1.000000 0.000000 -5.000000 0.000000 0.000000 0.000000 0.000000 0.000000 0.000000 0.000000
12.115845 1.300000 -12.096967 -14.621175 0.000000 -25.705442 0.000000 1.000000 0.000000 -5.000000 0.000000 0.000000 0.000000 0.000000 0.000000 0.000000 0.000000
11.581104 1.300000 -12.369136 -15.155915 0.000000 -25.977612 0.000000 1.000000 0.000000 -5.000000 0.000000 0.000000 0.000000 0.000000 0.000000 0.000000 0.000000
11.046364 1.300000 -12.641305 -15.690656 0.000000 -26.249781 0.000000 1.000000 0.000000 -5.000000 0.000000 0.000000 0.000000 0.000000 0.000000 0.000000 0.000000
10.457233 1.300000 -12.755096 -18.999304 0.000000 -18.444672 0.000000 1.000000 0.000000 -5.000000 0.000000 0.000000 0.000000 0.000000 0.000000 0.000000 0.000000
9.868103 1.300000 -12.868888 -19.588434 0.000000 -18.558464 0.000000 1.000000 0.000000 -5.000000 0.000000 0.000000 0.000000 0.000000 0.000000 0.000000 0.000000
9.278973 1.300000 -12.982679 -20.177565 0.000000 -18.672256 0.000000 1.000000 0.000000 -5.000000 0.000000 0.000000 0.000000 0.000000 0.000000 0.000000 0.000000
8.679728 1.300000 -13.013148 -21.282551 0.000000 -14.536602 0.000000 1.000000 0.000000 -5.000000 0.000000 0.000000 0.000000 0.000000 0.000000 0.000000 0.000000
5.683500 1.300000 -13.165493 -24.278776 0.000000 -14.688947 0.000000 1.000000 0.000000 -5.000000 0.000000 0.000000 0.000000 0.000000 0.000000 0.000000 0.000000
4.485009 1.300000 -13.226431 -25.477266 0.000000 -14.749885 0.000000 1.000000 0.000000 -5.000000 0.000000 0.000000 0.000000 0.000000 0.000000 0.000000 0.000000
4.485009 1.300000 -13.226431 -20.622862 0.000000 3.194692 0.000000 1.000000 0.000000 -5.000000 0.000000 0.000000 0.000000 0.000000 0.000000 0.000000 0.000000
4.485009 1.300000 -13.226431 -12.985616 0.000000 11.162828 0.000000 1.000000 0.000000 -5.000000 0.000000 0.000000 0.000000 0.000000 0.000000 0.000000 0.000000
4.135597 1.300000 -12.738646 -13.335029 0.000000 11.650614 0.000000 1.000000 0.000000 -5.000000 0.000000 0.000000 0.000000 0.000000 0.000000 0.000000 0.000000
5.111167 1.300000 -12.039820 -12.359458 0.000000 12.349440 0.000000 1.000000 0.000000 -5.000000 0.000000 0.000000 0.000000 0.000000 0.000000 0.000000 0.000000
4.412343 1.300000 -11.064249 -13.058284 0.000000 13.325010 0.000000 1.000000 0.000000 -5.000000 0.000000 0.000000 0.000000 0.000000 0.000000 0.000000 0.000000
4.062930 1.300000 -10.576464 -13.407697 0.000000 13.812796 0.000000 1.000000 0.000000 -5.000000 0.000000 0.000000 0.000000 0.000000 0.000000 0.000000 0.000000
3.713518 1.300000 -10.088678 -13.757110 0.000000 14.300581 0.000000 1.000000 0.000000 -5.000000 0.000000 0.000000 0.000000 0.000000 0.000000 0.000000 0.000000
3.713518 1.300000 -10.088678 29.252436 0.000000 5.653663 0.000000 1.000000 0.000000 -5.000000 0.000000 0.000000 0.000000 0.000000 0.000000 0.000000 0.000000
3.713518 1.300000 -10.088678 33.216812 0.000000 -4.646924 0.000000 1.000000 0.000000 -5.000000 0.000000 0.000000 0.000000 0.000000 0.000000 0.000000 0.000000
6.073781 1.300000 -9.653337 35.577072 0.000000 -4.211583 0.000000 1.000000 0.000000 -5.000000 0.000000 0.000000 0.000000 0.000000 0.000000 0.000000 0.000000
6.235670 1.300000 -10.231104 14.330071 0.000000 -39.119408 0.000000 1.000000 0.000000 -5.000000 0.000000 0.000000 0.000000 0.000000 0.000000 0.000000 0.000000
6.235670 1.300000 -10.231104 14.330071 0.000000 -39.119408 0.000000 1.000000 0.000000 2.000000 0.000000 0.000000 0.000000 0.000000 0.000000 0.000000 0.000000
